title:S24铁骑

// Crimil's Dagger (god-pvp)
//notes: tags:god-pvp
dimwishlist:item=198854575&perks=1840239774,3142289711,2039302152,2387244414,3989629871
dimwishlist:item=198854575&perks=1840239774,3142289711,2039302152,555281244,3989629871
dimwishlist:item=198854575&perks=1840239774,3142289711,2039302152,1748774930,3989629871
dimwishlist:item=198854575&perks=1840239774,3142289711,2039302152,332733060,3989629871
dimwishlist:item=198854575&perks=1840239774,3142289711,588594999,2387244414,3989629871
dimwishlist:item=198854575&perks=1840239774,3142289711,588594999,555281244,3989629871
dimwishlist:item=198854575&perks=1840239774,3142289711,588594999,1748774930,3989629871
dimwishlist:item=198854575&perks=1840239774,3142289711,588594999,332733060,3989629871
dimwishlist:item=198854575&perks=1840239774,3142289711,2396422520,2387244414,3989629871
dimwishlist:item=198854575&perks=1840239774,3142289711,2396422520,555281244,3989629871
dimwishlist:item=198854575&perks=1840239774,3142289711,2396422520,1748774930,3989629871
dimwishlist:item=198854575&perks=1840239774,3142289711,2396422520,332733060,3989629871
dimwishlist:item=198854575&perks=1840239774,3142289711,2717805783,2387244414,3989629871
dimwishlist:item=198854575&perks=1840239774,3142289711,2717805783,555281244,3989629871
dimwishlist:item=198854575&perks=1840239774,3142289711,2717805783,1748774930,3989629871
dimwishlist:item=198854575&perks=1840239774,3142289711,2717805783,332733060,3989629871
dimwishlist:item=198854575&perks=3250034553,3142289711,2039302152,2387244414,3989629871
dimwishlist:item=198854575&perks=3250034553,3142289711,2039302152,555281244,3989629871
dimwishlist:item=198854575&perks=3250034553,3142289711,2039302152,1748774930,3989629871
dimwishlist:item=198854575&perks=3250034553,3142289711,2039302152,332733060,3989629871
dimwishlist:item=198854575&perks=3250034553,3142289711,588594999,2387244414,3989629871
dimwishlist:item=198854575&perks=3250034553,3142289711,588594999,555281244,3989629871
dimwishlist:item=198854575&perks=3250034553,3142289711,588594999,1748774930,3989629871
dimwishlist:item=198854575&perks=3250034553,3142289711,588594999,332733060,3989629871
dimwishlist:item=198854575&perks=3250034553,3142289711,2396422520,2387244414,3989629871
dimwishlist:item=198854575&perks=3250034553,3142289711,2396422520,555281244,3989629871
dimwishlist:item=198854575&perks=3250034553,3142289711,2396422520,1748774930,3989629871
dimwishlist:item=198854575&perks=3250034553,3142289711,2396422520,332733060,3989629871
dimwishlist:item=198854575&perks=3250034553,3142289711,2717805783,2387244414,3989629871
dimwishlist:item=198854575&perks=3250034553,3142289711,2717805783,555281244,3989629871
dimwishlist:item=198854575&perks=3250034553,3142289711,2717805783,1748774930,3989629871
dimwishlist:item=198854575&perks=3250034553,3142289711,2717805783,332733060,3989629871
dimwishlist:item=198854575&perks=1482024992,3142289711,2039302152,2387244414,3989629871
dimwishlist:item=198854575&perks=1482024992,3142289711,2039302152,555281244,3989629871
dimwishlist:item=198854575&perks=1482024992,3142289711,2039302152,1748774930,3989629871
dimwishlist:item=198854575&perks=1482024992,3142289711,2039302152,332733060,3989629871
dimwishlist:item=198854575&perks=1482024992,3142289711,588594999,2387244414,3989629871
dimwishlist:item=198854575&perks=1482024992,3142289711,588594999,555281244,3989629871
dimwishlist:item=198854575&perks=1482024992,3142289711,588594999,1748774930,3989629871
dimwishlist:item=198854575&perks=1482024992,3142289711,588594999,332733060,3989629871
dimwishlist:item=198854575&perks=1482024992,3142289711,2396422520,2387244414,3989629871
dimwishlist:item=198854575&perks=1482024992,3142289711,2396422520,555281244,3989629871
dimwishlist:item=198854575&perks=1482024992,3142289711,2396422520,1748774930,3989629871
dimwishlist:item=198854575&perks=1482024992,3142289711,2396422520,332733060,3989629871
dimwishlist:item=198854575&perks=1482024992,3142289711,2717805783,2387244414,3989629871
dimwishlist:item=198854575&perks=1482024992,3142289711,2717805783,555281244,3989629871
dimwishlist:item=198854575&perks=1482024992,3142289711,2717805783,1748774930,3989629871
dimwishlist:item=198854575&perks=1482024992,3142289711,2717805783,332733060,3989629871


// Riiswalker (god-pvp)
//notes: tags:god-pvp
dimwishlist:item=557165046&perks=1300023272,3142289711,3161816588,47981717,3989629871
dimwishlist:item=557165046&perks=1300023272,3142289711,3161816588,1370847713,3989629871
dimwishlist:item=557165046&perks=1300023272,3142289711,191144788,47981717,3989629871
dimwishlist:item=557165046&perks=1300023272,3142289711,191144788,1370847713,3989629871


// Tusk of the Boar (god-pve)
//notes: tags:god-pve
dimwishlist:item=1218113510&perks=3525010810,2822142346,2039302152,2396489472,2120661319
dimwishlist:item=1218113510&perks=3525010810,2822142346,2039302152,598607952,2120661319
dimwishlist:item=1218113510&perks=3525010810,2822142346,2396422520,2396489472,2120661319
dimwishlist:item=1218113510&perks=3525010810,2822142346,2396422520,598607952,2120661319


// Claws of the Wolf (god-pvp)
//notes: tags:god-pvp
dimwishlist:item=1505862304&perks=839105230,1885400500,460017080,1015611457,3989629871
dimwishlist:item=1505862304&perks=839105230,1885400500,460017080,2387244414,3989629871
dimwishlist:item=1505862304&perks=839105230,1885400500,460017080,2923251173,3989629871
dimwishlist:item=1505862304&perks=839105230,1885400500,460017080,1748774930,3989629871
dimwishlist:item=1505862304&perks=839105230,1885400500,4045335048,1015611457,3989629871
dimwishlist:item=1505862304&perks=839105230,1885400500,4045335048,2387244414,3989629871
dimwishlist:item=1505862304&perks=839105230,1885400500,4045335048,2923251173,3989629871
dimwishlist:item=1505862304&perks=839105230,1885400500,4045335048,1748774930,3989629871
dimwishlist:item=1505862304&perks=839105230,1561002382,460017080,1015611457,3989629871
dimwishlist:item=1505862304&perks=839105230,1561002382,460017080,2387244414,3989629871
dimwishlist:item=1505862304&perks=839105230,1561002382,460017080,2923251173,3989629871
dimwishlist:item=1505862304&perks=839105230,1561002382,460017080,1748774930,3989629871
dimwishlist:item=1505862304&perks=839105230,1561002382,4045335048,1015611457,3989629871
dimwishlist:item=1505862304&perks=839105230,1561002382,4045335048,2387244414,3989629871
dimwishlist:item=1505862304&perks=839105230,1561002382,4045335048,2923251173,3989629871
dimwishlist:item=1505862304&perks=839105230,1561002382,4045335048,1748774930,3989629871
dimwishlist:item=1505862304&perks=1840239774,1885400500,460017080,1015611457,3989629871
dimwishlist:item=1505862304&perks=1840239774,1885400500,460017080,2387244414,3989629871
dimwishlist:item=1505862304&perks=1840239774,1885400500,460017080,2923251173,3989629871
dimwishlist:item=1505862304&perks=1840239774,1885400500,460017080,1748774930,3989629871
dimwishlist:item=1505862304&perks=1840239774,1885400500,4045335048,1015611457,3989629871
dimwishlist:item=1505862304&perks=1840239774,1885400500,4045335048,2387244414,3989629871
dimwishlist:item=1505862304&perks=1840239774,1885400500,4045335048,2923251173,3989629871
dimwishlist:item=1505862304&perks=1840239774,1885400500,4045335048,1748774930,3989629871
dimwishlist:item=1505862304&perks=1840239774,1561002382,460017080,1015611457,3989629871
dimwishlist:item=1505862304&perks=1840239774,1561002382,460017080,2387244414,3989629871
dimwishlist:item=1505862304&perks=1840239774,1561002382,460017080,2923251173,3989629871
dimwishlist:item=1505862304&perks=1840239774,1561002382,460017080,1748774930,3989629871
dimwishlist:item=1505862304&perks=1840239774,1561002382,4045335048,1015611457,3989629871
dimwishlist:item=1505862304&perks=1840239774,1561002382,4045335048,2387244414,3989629871
dimwishlist:item=1505862304&perks=1840239774,1561002382,4045335048,2923251173,3989629871
dimwishlist:item=1505862304&perks=1840239774,1561002382,4045335048,1748774930,3989629871


// Multimach CCX (god-pvp)
//notes: tags:god-pvp
dimwishlist:item=3211624072&perks=202670084,3142289711,1359896290,1015611457,3989629871
dimwishlist:item=3211624072&perks=202670084,3142289711,1359896290,2923251173,3989629871
dimwishlist:item=3211624072&perks=202670084,3142289711,1359896290,365154968,3989629871
dimwishlist:item=3211624072&perks=202670084,3142289711,1359896290,2939589096,3989629871
dimwishlist:item=3211624072&perks=202670084,3142289711,3060983774,1015611457,3989629871
dimwishlist:item=3211624072&perks=202670084,3142289711,3060983774,2923251173,3989629871
dimwishlist:item=3211624072&perks=202670084,3142289711,3060983774,365154968,3989629871
dimwishlist:item=3211624072&perks=202670084,3142289711,3060983774,2939589096,3989629871
dimwishlist:item=3211624072&perks=202670084,3142289711,588594999,1015611457,3989629871
dimwishlist:item=3211624072&perks=202670084,3142289711,588594999,2923251173,3989629871
dimwishlist:item=3211624072&perks=202670084,3142289711,588594999,365154968,3989629871
dimwishlist:item=3211624072&perks=202670084,3142289711,588594999,2939589096,3989629871
dimwishlist:item=3211624072&perks=202670084,3142289711,2717805783,1015611457,3989629871
dimwishlist:item=3211624072&perks=202670084,3142289711,2717805783,2923251173,3989629871
dimwishlist:item=3211624072&perks=202670084,3142289711,2717805783,365154968,3989629871
dimwishlist:item=3211624072&perks=202670084,3142289711,2717805783,2939589096,3989629871
dimwishlist:item=3211624072&perks=1482024992,3142289711,1359896290,1015611457,3989629871
dimwishlist:item=3211624072&perks=1482024992,3142289711,1359896290,2923251173,3989629871
dimwishlist:item=3211624072&perks=1482024992,3142289711,1359896290,365154968,3989629871
dimwishlist:item=3211624072&perks=1482024992,3142289711,1359896290,2939589096,3989629871
dimwishlist:item=3211624072&perks=1482024992,3142289711,3060983774,1015611457,3989629871
dimwishlist:item=3211624072&perks=1482024992,3142289711,3060983774,2923251173,3989629871
dimwishlist:item=3211624072&perks=1482024992,3142289711,3060983774,365154968,3989629871
dimwishlist:item=3211624072&perks=1482024992,3142289711,3060983774,2939589096,3989629871
dimwishlist:item=3211624072&perks=1482024992,3142289711,588594999,1015611457,3989629871
dimwishlist:item=3211624072&perks=1482024992,3142289711,588594999,2923251173,3989629871
dimwishlist:item=3211624072&perks=1482024992,3142289711,588594999,365154968,3989629871
dimwishlist:item=3211624072&perks=1482024992,3142289711,588594999,2939589096,3989629871
dimwishlist:item=3211624072&perks=1482024992,3142289711,2717805783,1015611457,3989629871
dimwishlist:item=3211624072&perks=1482024992,3142289711,2717805783,2923251173,3989629871
dimwishlist:item=3211624072&perks=1482024992,3142289711,2717805783,365154968,3989629871
dimwishlist:item=3211624072&perks=1482024992,3142289711,2717805783,2939589096,3989629871
dimwishlist:item=3211624072&perks=3250034553,3142289711,1359896290,1015611457,3989629871
dimwishlist:item=3211624072&perks=3250034553,3142289711,1359896290,2923251173,3989629871
dimwishlist:item=3211624072&perks=3250034553,3142289711,1359896290,365154968,3989629871
dimwishlist:item=3211624072&perks=3250034553,3142289711,1359896290,2939589096,3989629871
dimwishlist:item=3211624072&perks=3250034553,3142289711,3060983774,1015611457,3989629871
dimwishlist:item=3211624072&perks=3250034553,3142289711,3060983774,2923251173,3989629871
dimwishlist:item=3211624072&perks=3250034553,3142289711,3060983774,365154968,3989629871
dimwishlist:item=3211624072&perks=3250034553,3142289711,3060983774,2939589096,3989629871
dimwishlist:item=3211624072&perks=3250034553,3142289711,588594999,1015611457,3989629871
dimwishlist:item=3211624072&perks=3250034553,3142289711,588594999,2923251173,3989629871
dimwishlist:item=3211624072&perks=3250034553,3142289711,588594999,365154968,3989629871
dimwishlist:item=3211624072&perks=3250034553,3142289711,588594999,2939589096,3989629871
dimwishlist:item=3211624072&perks=3250034553,3142289711,2717805783,1015611457,3989629871
dimwishlist:item=3211624072&perks=3250034553,3142289711,2717805783,2923251173,3989629871
dimwishlist:item=3211624072&perks=3250034553,3142289711,2717805783,365154968,3989629871
dimwishlist:item=3211624072&perks=3250034553,3142289711,2717805783,2939589096,3989629871


// Multimach CCX (pve)
//notes: tags:pve
dimwishlist:item=3211624072&perks=1482024992,106909392,1870851715,3891536761,2120661319
dimwishlist:item=3211624072&perks=1482024992,106909392,243981275,3891536761,2120661319
dimwishlist:item=3211624072&perks=1482024992,1087426260,1870851715,3891536761,2120661319
dimwishlist:item=3211624072&perks=1482024992,1087426260,243981275,3891536761,2120661319
dimwishlist:item=3211624072&perks=1482024992,3230963543,1870851715,3891536761,2120661319
dimwishlist:item=3211624072&perks=1482024992,3230963543,243981275,3891536761,2120661319
dimwishlist:item=3211624072&perks=4090651448,106909392,1870851715,3891536761,2120661319
dimwishlist:item=3211624072&perks=4090651448,106909392,243981275,3891536761,2120661319
dimwishlist:item=3211624072&perks=4090651448,1087426260,1870851715,3891536761,2120661319
dimwishlist:item=3211624072&perks=4090651448,1087426260,243981275,3891536761,2120661319
dimwishlist:item=3211624072&perks=4090651448,3230963543,1870851715,3891536761,2120661319
dimwishlist:item=3211624072&perks=4090651448,3230963543,243981275,3891536761,2120661319
dimwishlist:item=3211624072&perks=1840239774,106909392,1870851715,3891536761,2120661319
dimwishlist:item=3211624072&perks=1840239774,106909392,243981275,3891536761,2120661319
dimwishlist:item=3211624072&perks=1840239774,1087426260,1870851715,3891536761,2120661319
dimwishlist:item=3211624072&perks=1840239774,1087426260,243981275,3891536761,2120661319
dimwishlist:item=3211624072&perks=1840239774,3230963543,1870851715,3891536761,2120661319
dimwishlist:item=3211624072&perks=1840239774,3230963543,243981275,3891536761,2120661319


